100
11
10 71 
35 10 
55 37 
81 99 
15 98 
43 78 
96 2 
98 9 
26 39 
33 16 
15 83 
26 61 
64 41 
71 98 
73 34 
50 64 
78 70 
88 66 
13 24 
65 42 
8 83 
71 79 
76 76 
53 69 
54 9 
13 67 
60 50 
54 18 
32 72 
60 3 
39 1 
49 92 
7 11 
68 45 
33 79 
36 56 
23 84 
24 58 
77 49 
28 10 
91 99 
73 44 
95 53 
23 30 
21 87 
82 39 
60 61 
84 45 
85 35 
28 49 
89 4 
12 34 
3 84 
52 72 
39 72 
82 62 
40 81 
43 45 
38 97 
67 33 
83 82 
75 39 
1 70 
52 4 
16 17 
17 35 
22 25 
90 61 
83 9 
42 61 
20 14 
31 77 
15 45 
15 49 
78 23 
12 29 
78 32 
89 5 
27 58 
16 64 
17 34 
32 23 
16 11 
53 23 
38 32 
67 42 
34 40 
65 36 
82 52 
2 98 
78 68 
32 52 
36 25 
7 38 
81 56 
70 83 
23 63 
49 86 
20 30 
13 45 
16 86 
93 11 
50 8 
16 80 
16 53 
84 52 
74 92 
75 70 
67 35 
63 16 
15 59 
69 75 
81 22 
34 23 
56 96 
91 64 
57 7 
82 42 
67 50 
55 60 
26 59 
94 95 
43 72 
13 51 
65 82